   1.1281808e-01
   1.1329094e-01
   1.1398537e-01
   1.1489349e-01
   1.1600741e-01
   1.1731923e-01
   1.1882106e-01
   1.2050501e-01
   1.2236318e-01
   1.2438770e-01
   1.2657065e-01
   1.2890415e-01
   1.3138032e-01
   1.3399126e-01
   1.3672905e-01
   1.3958575e-01
   1.4255370e-01
   1.4562506e-01
   1.4879108e-01
   1.5204189e-01
   1.5536388e-01
   1.5874262e-01
   1.6216410e-01
   1.6561441e-01
   1.6907968e-01
   1.7254589e-01
   1.7599856e-01
   1.7942421e-01
   1.8281404e-01
   1.8616063e-01
   1.8945756e-01
   1.9269854e-01
   1.9587709e-01
   1.9898663e-01
   2.0202066e-01
   2.0497268e-01
   2.0783634e-01
   2.1060535e-01
   2.1327362e-01
   2.1583511e-01
   2.1828374e-01
   2.2061341e-01
   2.2281805e-01
   2.2489157e-01
   2.2682792e-01
   2.2862158e-01
   2.3026916e-01
   2.3176776e-01
   2.3311439e-01
   2.3430610e-01
   2.3534021e-01
   2.3621385e-01
   2.3692321e-01
   2.3746553e-01
   2.3784338e-01
   2.3806139e-01
   2.3812728e-01
   2.3804933e-01
   2.3783510e-01
   2.3749202e-01
   2.3702778e-01
   2.3645005e-01
   2.3576623e-01
   2.3498344e-01
   2.3410797e-01
   2.3314590e-01
   2.3210348e-01
   2.3098694e-01
   2.2980239e-01
   2.2855601e-01
   2.2725432e-01
   2.2590312e-01
   2.2450492e-01
   2.2306128e-01
   2.2157317e-01
   2.2004146e-01
   2.1846718e-01
   2.1685139e-01
   2.1519500e-01
   2.1349901e-01
   2.1176484e-01
   2.0999416e-01
   2.0818923e-01
   2.0635238e-01
   2.0448586e-01
   2.0259189e-01
   2.0067271e-01
   1.9873060e-01
   1.9676776e-01
   1.9478623e-01
   1.9278727e-01
   1.9077195e-01
   1.8874136e-01
   1.8669661e-01
   1.8463881e-01
   1.8256906e-01
   1.8048840e-01
   1.7839795e-01
   1.7629912e-01
   1.7419343e-01
   1.7208259e-01
   1.6996830e-01
   1.6785226e-01
   1.6573613e-01
   1.6362162e-01
   1.6151043e-01
   1.5940414e-01
   1.5730422e-01
   1.5521181e-01
   1.5312795e-01
   1.5105376e-01
   1.4899033e-01
   1.4693877e-01
   1.4490016e-01
   1.4287564e-01
   1.4086625e-01
   1.3887245e-01
   1.3689456e-01
   1.3493282e-01
   1.3298744e-01
   1.3105866e-01
   1.2914670e-01
   1.2725185e-01
   1.2537435e-01
   1.2351426e-01
   1.2167159e-01
   1.1984614e-01
   1.1803767e-01
   1.1624600e-01
   1.1447092e-01
   1.1271223e-01
   1.1096974e-01
   1.0924326e-01
   1.0753271e-01
   1.0583843e-01
   1.0416084e-01
   1.0250034e-01
   1.0085732e-01
   9.9232213e-02
   9.7625419e-02
   9.6037306e-02
   9.4468291e-02
   9.2919050e-02
   9.1390351e-02
   8.9883089e-02
   8.8398179e-02
   8.6936503e-02
   8.5498938e-02
   8.4086397e-02
   8.2699776e-02
   8.1339863e-02
   8.0007345e-02
   7.8702601e-02
   7.7425948e-02
   7.6177740e-02
   7.4958344e-02
   7.3768130e-02
   7.2607454e-02
   7.1476621e-02
   7.0376089e-02
   6.9306974e-02
   6.8270582e-02
   6.7268306e-02
   6.6301553e-02
   6.5371693e-02
   6.4480100e-02
   6.3628212e-02
   6.2817415e-02
   6.2048847e-02
   6.1323517e-02
   6.0642154e-02
   6.0005437e-02
   5.9414102e-02
   5.8868893e-02
   5.8370534e-02
   5.7919747e-02
   5.7517295e-02
   5.7164055e-02
   5.6861343e-02
   5.6610576e-02
   5.6413145e-02
   5.6270438e-02
   5.6183857e-02
   5.6154799e-02
   5.6184635e-02
   5.6274766e-02
   5.6426767e-02
   5.6642270e-02
   5.6922984e-02
   5.7270630e-02
   5.7686903e-02
   5.8173500e-02
   5.8732157e-02
   5.9364587e-02
   6.0072356e-02
   6.0856902e-02
   6.1719288e-02
   6.2660493e-02
   6.3681556e-02
   6.4783526e-02
   6.5967439e-02
   6.7234329e-02
   6.8585219e-02
   7.0021169e-02
   7.1543373e-02
   7.3153063e-02
   7.4851475e-02
   7.6639853e-02
   7.8519477e-02
   8.0491599e-02
   8.2557331e-02
   8.4717916e-02
   8.6975264e-02
   8.9331621e-02
   9.1789914e-02
   9.4353202e-02
   9.7024402e-02
   9.9806402e-02
   1.0270213e-01
   1.0571453e-01
   1.0884652e-01
   1.1210097e-01
   1.1548068e-01
   1.1898842e-01
   1.2262694e-01
   1.2639901e-01
   1.3030743e-01
   1.3435497e-01
   1.3854432e-01
   1.4287830e-01
   1.4736014e-01
   1.5199323e-01
   1.5678115e-01
   1.6172750e-01
   1.6683584e-01
   1.7210972e-01
   1.7755271e-01
   1.8316837e-01
   1.8896027e-01
   1.9493200e-01
   2.0108720e-01
   2.0742948e-01
   2.1396248e-01
   2.2068984e-01
   2.2761514e-01
   2.3474202e-01
   2.4207420e-01
   2.4961501e-01
   2.5736619e-01
   2.6532906e-01
   2.7350483e-01
   2.8189465e-01
   2.9049963e-01
   2.9932093e-01
   3.0836011e-01
   3.1761837e-01
   3.2709495e-01
   3.3678820e-01
   3.4669464e-01
   3.5681046e-01
   3.6713221e-01
   3.7765652e-01
   3.8838002e-01
   3.9929928e-01
   4.1041040e-01
   4.2170840e-01
   4.3318433e-01
   4.4482833e-01
   4.5663092e-01
   4.6858262e-01
   4.8067375e-01
   4.9289471e-01
   5.0523643e-01
   5.1768911e-01
   5.3023936e-01
   5.4287257e-01
   5.5557287e-01
   5.6832417e-01
   5.8111065e-01
   5.9391660e-01
   6.0672622e-01
   6.1952371e-01
   6.3229306e-01
   6.4501815e-01
   6.5768240e-01
   6.7026920e-01
   6.8276194e-01
   6.9514408e-01
   7.0739907e-01
   7.1951033e-01
   7.3146117e-01
   7.4323553e-01
   7.5482004e-01
   7.6620208e-01
   7.7736912e-01
   7.8830870e-01
   7.9900845e-01
   8.0945590e-01
   8.1963808e-01
   8.2954252e-01
   8.3915927e-01
   8.4847956e-01
   8.5749675e-01
   8.6620465e-01
   8.7459660e-01
   8.8266587e-01
   8.9040569e-01
   8.9780942e-01
   9.0487090e-01
   9.1158493e-01
   9.1794987e-01
   9.2396485e-01
   9.2962870e-01
   9.3494016e-01
   9.3989814e-01
   9.4450152e-01
   9.4874895e-01
   9.5263938e-01
   9.5617327e-01
   9.5935159e-01
   9.6217576e-01
   9.6464730e-01
   9.6676760e-01
   9.6853805e-01
   9.6996003e-01
   9.7103494e-01
   9.7176430e-01
   9.7214973e-01
   9.7219306e-01
   9.7189619e-01
   9.7126097e-01
   9.7028923e-01
   9.6898285e-01
   9.6734369e-01
   9.6537355e-01
   9.6307451e-01
   9.6044961e-01
   9.5750218e-01
   9.5423556e-01
   9.5065311e-01
   9.4675820e-01
   9.4255420e-01
   9.3804437e-01
   9.3323207e-01
   9.2812109e-01
   9.2271541e-01
   9.1701933e-01
   9.1103722e-01
   9.0477341e-01
   8.9823217e-01
   8.9141779e-01
   8.8433455e-01
   8.7698692e-01
   8.6937968e-01
   8.6151861e-01
   8.5340974e-01
   8.4505898e-01
   8.3647224e-01
   8.2765543e-01
   8.1861449e-01
   8.0935536e-01
   7.9988396e-01
   7.9020598e-01
   7.8032707e-01
   7.7025280e-01
   7.5998871e-01
   7.4954047e-01
   7.3891365e-01
   7.2811365e-01
   7.1714601e-01
   7.0601722e-01
   6.9473443e-01
   6.8330645e-01
   6.7174243e-01
   6.6005125e-01
   6.4824170e-01
   6.3632268e-01
   6.2430309e-01
   6.1219177e-01
   5.9999793e-01
   5.8773215e-01
   5.7540537e-01
   5.6302858e-01
   5.5061276e-01
   5.3816890e-01
   5.2570797e-01
   5.1324093e-01
   5.0077877e-01
   4.8833254e-01
   4.7591335e-01
   4.6353234e-01
   4.5120069e-01
   4.3892954e-01
   4.2673005e-01
   4.1461336e-01
   4.0259062e-01
   3.9067303e-01
   3.7887189e-01
   3.6719874e-01
   3.5566520e-01
   3.4428287e-01
   3.3306334e-01
   3.2201815e-01
   3.1115887e-01
   3.0049730e-01
   2.9004485e-01
   2.7981121e-01
   2.6980553e-01
   2.6003654e-01
   2.5051289e-01
   2.4124328e-01
   2.3223645e-01
   2.2350137e-01
   2.1504679e-01
   2.0688051e-01
   1.9900970e-01
   1.9143991e-01
   1.8417639e-01
   1.7722468e-01
   1.7059036e-01
   1.6427895e-01
   1.5829594e-01
   1.5264687e-01
   1.4733572e-01
   1.4235998e-01
   1.3771554e-01
   1.3339825e-01
   1.2940394e-01
   1.2572845e-01
   1.2236764e-01
   1.1931735e-01
   1.1657342e-01
   1.1413171e-01
   1.1198804e-01
   1.1013829e-01
   1.0857828e-01
   1.0730386e-01
   1.0631088e-01
   1.0559519e-01
   1.0515262e-01
